(kicad_pcb (version 20171130) (host pcbnew "(5.0.2)-1")

  (general
    (thickness 1.6)
    (drawings 12)
    (tracks 0)
    (zones 0)
    (modules 49)
    (nets 71)
  )

  (page A4)
  (title_block
    (title SAN)
  )

  (layers
    (0 F.Cu signal)
    (31 B.Cu signal hide)
    (32 B.Adhes user hide)
    (33 F.Adhes user hide)
    (34 B.Paste user hide)
    (35 F.Paste user)
    (36 B.SilkS user hide)
    (37 F.SilkS user)
    (38 B.Mask user hide)
    (39 F.Mask user)
    (40 Dwgs.User user hide)
    (41 Cmts.User user hide)
    (42 Eco1.User user hide)
    (43 Eco2.User user hide)
    (44 Edge.Cuts user)
    (45 Margin user hide)
    (46 B.CrtYd user hide)
    (47 F.CrtYd user)
    (48 B.Fab user hide)
    (49 F.Fab user)
  )

  (setup
    (last_trace_width 0.25)
    (trace_clearance 0.2)
    (zone_clearance 0.508)
    (zone_45_only no)
    (trace_min 0.2)
    (segment_width 0.2)
    (edge_width 0.0254)
    (via_size 0.8)
    (via_drill 0.4)
    (via_min_size 0.4)
    (via_min_drill 0.3)
    (uvia_size 0.3)
    (uvia_drill 0.1)
    (uvias_allowed no)
    (uvia_min_size 0.2)
    (uvia_min_drill 0.1)
    (pcb_text_width 0.3)
    (pcb_text_size 1.5 1.5)
    (mod_edge_width 0.15)
    (mod_text_size 1 1)
    (mod_text_width 0.15)
    (pad_size 1.524 1.524)
    (pad_drill 0.762)
    (pad_to_mask_clearance 0.051)
    (solder_mask_min_width 0.25)
    (aux_axis_origin 0 0)
    (visible_elements 7FFFF7FF)
    (pcbplotparams
      (layerselection 0x010fc_ffffffff)
      (usegerberextensions false)
      (usegerberattributes false)
      (usegerberadvancedattributes false)
      (creategerberjobfile false)
      (excludeedgelayer true)
      (linewidth 0.100000)
      (plotframeref false)
      (viasonmask false)
      (mode 1)
      (useauxorigin false)
      (hpglpennumber 1)
      (hpglpenspeed 20)
      (hpglpendiameter 15.000000)
      (psnegative false)
      (psa4output false)
      (plotreference true)
      (plotvalue true)
      (plotinvisibletext false)
      (padsonsilk false)
      (subtractmaskfromsilk false)
      (outputformat 1)
      (mirror false)
      (drillshape 1)
      (scaleselection 1)
      (outputdirectory ""))
  )

  (net 0 "")
  (net 1 GND)
  (net 2 "Net-(BT1-Pad1)")
  (net 3 +BATT)
  (net 4 "Net-(BT2-Pad2)")
  (net 5 +3V3)
  (net 6 DTR)
  (net 7 "Net-(C2-Pad2)")
  (net 8 +5V)
  (net 9 "Net-(C9-Pad1)")
  (net 10 "Net-(C10-Pad1)")
  (net 11 "Net-(C11-Pad1)")
  (net 12 "Net-(C12-Pad1)")
  (net 13 Z-ACCEL)
  (net 14 "Net-(D1-Pad2)")
  (net 15 "Net-(D1-Pad4)")
  (net 16 "Net-(D1-Pad3)")
  (net 17 "Net-(D2-Pad3)")
  (net 18 "Net-(D2-Pad4)")
  (net 19 "Net-(D2-Pad2)")
  (net 20 "Net-(D3-Pad2)")
  (net 21 "Net-(D3-Pad4)")
  (net 22 "Net-(D3-Pad3)")
  (net 23 "Net-(D4-Pad3)")
  (net 24 "Net-(D4-Pad4)")
  (net 25 "Net-(D4-Pad2)")
  (net 26 NEOPIXEL-2-DO)
  (net 27 PORT-4)
  (net 28 PORT-3)
  (net 29 TXO)
  (net 30 RXI)
  (net 31 SCK)
  (net 32 MISO)
  (net 33 MOSI)
  (net 34 PORT-1)
  (net 35 PORT-2)
  (net 36 "Net-(R2-Pad2)")
  (net 37 "Net-(R3-Pad2)")
  (net 38 "Net-(R4-Pad2)")
  (net 39 "Net-(R5-Pad2)")
  (net 40 "/NeoPixel 1/DIN")
  (net 41 "Net-(R6-Pad2)")
  (net 42 "/NeoPixel 1/DO")
  (net 43 "/NeoPixel 2/DIN")
  (net 44 "/NeoPixel 3/DIN")
  (net 45 "/NeoPixel 3/DO")
  (net 46 "/NeoPixel 4/DIN")
  (net 47 "Net-(U1-Pad4)")
  (net 48 "Net-(U2-Pad7)")
  (net 49 "Net-(U2-Pad8)")
  (net 50 "Net-(U2-Pad9)")
  (net 51 "Net-(U2-Pad10)")
  (net 52 "Net-(U2-Pad11)")
  (net 53 "Net-(U2-Pad14)")
  (net 54 "Net-(U2-Pad19)")
  (net 55 "Net-(U2-Pad22)")
  (net 56 "Net-(U2-Pad23)")
  (net 57 "Net-(U2-Pad24)")
  (net 58 "Net-(U2-Pad25)")
  (net 59 "Net-(U2-Pad26)")
  (net 60 "Net-(U2-Pad27)")
  (net 61 "Net-(U2-Pad28)")
  (net 62 "Net-(U3-Pad4)")
  (net 63 "Net-(U4-Pad2)")
  (net 64 "Net-(U4-Pad10)")
  (net 65 "Net-(U4-Pad12)")
  (net 66 "Net-(U5-Pad7)")
  (net 67 "Net-(U6-Pad7)")
  (net 68 "Net-(U7-Pad7)")
  (net 69 "/NeoPixel 4/DO")
  (net 70 "Net-(U8-Pad7)")

  (net_class Default "This is the default net class."
    (clearance 0.2)
    (trace_width 0.25)
    (via_dia 0.8)
    (via_drill 0.4)
    (uvia_dia 0.3)
    (uvia_drill 0.1)
    (add_net +3V3)
    (add_net +5V)
    (add_net +BATT)
    (add_net "/NeoPixel 1/DIN")
    (add_net "/NeoPixel 1/DO")
    (add_net "/NeoPixel 2/DIN")
    (add_net "/NeoPixel 3/DIN")
    (add_net "/NeoPixel 3/DO")
    (add_net "/NeoPixel 4/DIN")
    (add_net "/NeoPixel 4/DO")
    (add_net DTR)
    (add_net GND)
    (add_net MISO)
    (add_net MOSI)
    (add_net NEOPIXEL-2-DO)
    (add_net "Net-(BT1-Pad1)")
    (add_net "Net-(BT2-Pad2)")
    (add_net "Net-(C10-Pad1)")
    (add_net "Net-(C11-Pad1)")
    (add_net "Net-(C12-Pad1)")
    (add_net "Net-(C2-Pad2)")
    (add_net "Net-(C9-Pad1)")
    (add_net "Net-(D1-Pad2)")
    (add_net "Net-(D1-Pad3)")
    (add_net "Net-(D1-Pad4)")
    (add_net "Net-(D2-Pad2)")
    (add_net "Net-(D2-Pad3)")
    (add_net "Net-(D2-Pad4)")
    (add_net "Net-(D3-Pad2)")
    (add_net "Net-(D3-Pad3)")
    (add_net "Net-(D3-Pad4)")
    (add_net "Net-(D4-Pad2)")
    (add_net "Net-(D4-Pad3)")
    (add_net "Net-(D4-Pad4)")
    (add_net "Net-(R2-Pad2)")
    (add_net "Net-(R3-Pad2)")
    (add_net "Net-(R4-Pad2)")
    (add_net "Net-(R5-Pad2)")
    (add_net "Net-(R6-Pad2)")
    (add_net "Net-(U1-Pad4)")
    (add_net "Net-(U2-Pad10)")
    (add_net "Net-(U2-Pad11)")
    (add_net "Net-(U2-Pad14)")
    (add_net "Net-(U2-Pad19)")
    (add_net "Net-(U2-Pad22)")
    (add_net "Net-(U2-Pad23)")
    (add_net "Net-(U2-Pad24)")
    (add_net "Net-(U2-Pad25)")
    (add_net "Net-(U2-Pad26)")
    (add_net "Net-(U2-Pad27)")
    (add_net "Net-(U2-Pad28)")
    (add_net "Net-(U2-Pad7)")
    (add_net "Net-(U2-Pad8)")
    (add_net "Net-(U2-Pad9)")
    (add_net "Net-(U3-Pad4)")
    (add_net "Net-(U4-Pad10)")
    (add_net "Net-(U4-Pad12)")
    (add_net "Net-(U4-Pad2)")
    (add_net "Net-(U5-Pad7)")
    (add_net "Net-(U6-Pad7)")
    (add_net "Net-(U7-Pad7)")
    (add_net "Net-(U8-Pad7)")
    (add_net PORT-1)
    (add_net PORT-2)
    (add_net PORT-3)
    (add_net PORT-4)
    (add_net RXI)
    (add_net SCK)
    (add_net TXO)
    (add_net Z-ACCEL)
  )

  (module Common-Parts-Library:MPD_BK-912-TR (layer B.Cu) (tedit 0) (tstamp 5CA2E86D)
    (at 149.987 69.469)
    (path /5C8E9BC5)
    (attr smd)
    (fp_text reference BT1 (at -9.36 10.135) (layer B.SilkS)
      (effects (font (size 1 1) (thickness 0.05)) (justify mirror))
    )
    (fp_text value Battery_Cell (at -8.825 -10.065) (layer B.SilkS)
      (effects (font (size 1 1) (thickness 0.05)) (justify mirror))
    )
    (fp_circle (center -13.45 0.1) (end -13.3086 0.1) (layer Eco2.User) (width 0.2))
    (fp_circle (center -13.45 0.1) (end -13.3086 0.1) (layer B.SilkS) (width 0.2))
    (fp_line (start -11.25 2.8) (end -11.25 9.14) (layer Eco1.User) (width 0.05))
    (fp_line (start -12.625 2.8) (end -11.25 2.8) (layer Eco1.User) (width 0.05))
    (fp_line (start -12.625 -2.8) (end -12.625 2.8) (layer Eco1.User) (width 0.05))
    (fp_line (start -11.25 -2.8) (end -12.625 -2.8) (layer Eco1.User) (width 0.05))
    (fp_line (start -11.25 -9.14) (end -11.25 -2.8) (layer Eco1.User) (width 0.05))
    (fp_line (start 11.25 -9.14) (end -11.25 -9.14) (layer Eco1.User) (width 0.05))
    (fp_line (start 11.25 -2.8) (end 11.25 -9.14) (layer Eco1.User) (width 0.05))
    (fp_line (start 12.625 -2.8) (end 11.25 -2.8) (layer Eco1.User) (width 0.05))
    (fp_line (start 12.625 2.8) (end 12.625 -2.8) (layer Eco1.User) (width 0.05))
    (fp_line (start 11.25 2.8) (end 12.625 2.8) (layer Eco1.User) (width 0.05))
    (fp_line (start 11.25 9.14) (end 11.25 2.8) (layer Eco1.User) (width 0.05))
    (fp_line (start -11.25 9.14) (end 11.25 9.14) (layer Eco1.User) (width 0.05))
    (fp_line (start -10.54 -7.62) (end -10.54 7.62) (layer Eco2.User) (width 0.127))
    (fp_line (start -10.54 -7.62) (end -10.54 -3.81) (layer B.SilkS) (width 0.127))
    (fp_line (start 10.54 -7.62) (end -10.54 -7.62) (layer Eco2.User) (width 0.127))
    (fp_line (start 10.54 -3.81) (end 10.54 -7.62) (layer B.SilkS) (width 0.127))
    (fp_line (start 10.54 7.62) (end 10.54 -7.62) (layer Eco2.User) (width 0.127))
    (fp_line (start 10.54 7.62) (end 10.54 3.81) (layer B.SilkS) (width 0.127))
    (fp_line (start -10.54 7.62) (end 10.54 7.62) (layer Eco2.User) (width 0.127))
    (fp_line (start -10.54 3.81) (end -10.54 7.62) (layer B.SilkS) (width 0.127))
    (pad 3 smd circle (at 0 0) (size 17.78 17.78) (layers B.Cu B.Paste B.Mask))
    (pad 2 smd rect (at 10.985 0) (size 2.79 5.08) (layers B.Cu B.Paste B.Mask)
      (net 1 GND))
    (pad 1 smd rect (at -10.985 0) (size 2.79 5.08) (layers B.Cu B.Paste B.Mask)
      (net 2 "Net-(BT1-Pad1)"))
  )

  (module Common-Parts-Library:MPD_BK-912-TR (layer B.Cu) (tedit 0) (tstamp 5CA2BB52)
    (at 145.796 143.002 180)
    (path /5C8E9CBF)
    (attr smd)
    (fp_text reference BT2 (at -9.36 10.135 180) (layer B.SilkS)
      (effects (font (size 1 1) (thickness 0.05)) (justify mirror))
    )
    (fp_text value Battery_Cell (at -8.825 -10.065 180) (layer B.SilkS)
      (effects (font (size 1 1) (thickness 0.05)) (justify mirror))
    )
    (fp_line (start -10.54 3.81) (end -10.54 7.62) (layer B.SilkS) (width 0.127))
    (fp_line (start -10.54 7.62) (end 10.54 7.62) (layer Eco2.User) (width 0.127))
    (fp_line (start 10.54 7.62) (end 10.54 3.81) (layer B.SilkS) (width 0.127))
    (fp_line (start 10.54 7.62) (end 10.54 -7.62) (layer Eco2.User) (width 0.127))
    (fp_line (start 10.54 -3.81) (end 10.54 -7.62) (layer B.SilkS) (width 0.127))
    (fp_line (start 10.54 -7.62) (end -10.54 -7.62) (layer Eco2.User) (width 0.127))
    (fp_line (start -10.54 -7.62) (end -10.54 -3.81) (layer B.SilkS) (width 0.127))
    (fp_line (start -10.54 -7.62) (end -10.54 7.62) (layer Eco2.User) (width 0.127))
    (fp_line (start -11.25 9.14) (end 11.25 9.14) (layer Eco1.User) (width 0.05))
    (fp_line (start 11.25 9.14) (end 11.25 2.8) (layer Eco1.User) (width 0.05))
    (fp_line (start 11.25 2.8) (end 12.625 2.8) (layer Eco1.User) (width 0.05))
    (fp_line (start 12.625 2.8) (end 12.625 -2.8) (layer Eco1.User) (width 0.05))
    (fp_line (start 12.625 -2.8) (end 11.25 -2.8) (layer Eco1.User) (width 0.05))
    (fp_line (start 11.25 -2.8) (end 11.25 -9.14) (layer Eco1.User) (width 0.05))
    (fp_line (start 11.25 -9.14) (end -11.25 -9.14) (layer Eco1.User) (width 0.05))
    (fp_line (start -11.25 -9.14) (end -11.25 -2.8) (layer Eco1.User) (width 0.05))
    (fp_line (start -11.25 -2.8) (end -12.625 -2.8) (layer Eco1.User) (width 0.05))
    (fp_line (start -12.625 -2.8) (end -12.625 2.8) (layer Eco1.User) (width 0.05))
    (fp_line (start -12.625 2.8) (end -11.25 2.8) (layer Eco1.User) (width 0.05))
    (fp_line (start -11.25 2.8) (end -11.25 9.14) (layer Eco1.User) (width 0.05))
    (fp_circle (center -13.45 0.1) (end -13.3086 0.1) (layer B.SilkS) (width 0.2))
    (fp_circle (center -13.45 0.1) (end -13.3086 0.1) (layer Eco2.User) (width 0.2))
    (pad 1 smd rect (at -10.985 0 180) (size 2.79 5.08) (layers B.Cu B.Paste B.Mask)
      (net 3 +BATT))
    (pad 2 smd rect (at 10.985 0 180) (size 2.79 5.08) (layers B.Cu B.Paste B.Mask)
      (net 4 "Net-(BT2-Pad2)"))
    (pad 3 smd circle (at 0 0 180) (size 17.78 17.78) (layers B.Cu B.Paste B.Mask))
  )

  (module Capacitor_SMD:C_0603_1608Metric_Pad1.05x0.95mm_HandSolder (layer F.Cu) (tedit 5B301BBE) (tstamp 5CA2BB63)
    (at 142.367 127.254)
    (descr "Capacitor SMD 0603 (1608 Metric), square (rectangular) end terminal, IPC_7351 nominal with elongated pad for handsoldering. (Body size source: http://www.tortai-tech.com/upload/download/2011102023233369053.pdf), generated with kicad-footprint-generator")
    (tags "capacitor handsolder")
    (path /5CDEC281)
    (attr smd)
    (fp_text reference C1 (at 0 -1.43) (layer F.SilkS)
      (effects (font (size 1 1) (thickness 0.15)))
    )
    (fp_text value 0.1uF (at 0 1.43) (layer F.Fab)
      (effects (font (size 1 1) (thickness 0.15)))
    )
    (fp_text user %R (at 0 0) (layer F.Fab)
      (effects (font (size 0.4 0.4) (thickness 0.06)))
    )
    (fp_line (start 1.65 0.73) (end -1.65 0.73) (layer F.CrtYd) (width 0.05))
    (fp_line (start 1.65 -0.73) (end 1.65 0.73) (layer F.CrtYd) (width 0.05))
    (fp_line (start -1.65 -0.73) (end 1.65 -0.73) (layer F.CrtYd) (width 0.05))
    (fp_line (start -1.65 0.73) (end -1.65 -0.73) (layer F.CrtYd) (width 0.05))
    (fp_line (start -0.171267 0.51) (end 0.171267 0.51) (layer F.SilkS) (width 0.12))
    (fp_line (start -0.171267 -0.51) (end 0.171267 -0.51) (layer F.SilkS) (width 0.12))
    (fp_line (start 0.8 0.4) (end -0.8 0.4) (layer F.Fab) (width 0.1))
    (fp_line (start 0.8 -0.4) (end 0.8 0.4) (layer F.Fab) (width 0.1))
    (fp_line (start -0.8 -0.4) (end 0.8 -0.4) (layer F.Fab) (width 0.1))
    (fp_line (start -0.8 0.4) (end -0.8 -0.4) (layer F.Fab) (width 0.1))
    (pad 2 smd roundrect (at 0.875 0) (size 1.05 0.95) (layers F.Cu F.Paste F.Mask) (roundrect_rratio 0.25)
      (net 1 GND))
    (pad 1 smd roundrect (at -0.875 0) (size 1.05 0.95) (layers F.Cu F.Paste F.Mask) (roundrect_rratio 0.25)
      (net 5 +3V3))
    (model ${KISYS3DMOD}/Capacitor_SMD.3dshapes/C_0603_1608Metric.wrl
      (at (xyz 0 0 0))
      (scale (xyz 1 1 1))
      (rotate (xyz 0 0 0))
    )
  )

  (module Capacitor_SMD:C_0603_1608Metric_Pad1.05x0.95mm_HandSolder (layer F.Cu) (tedit 5B301BBE) (tstamp 5CA2BB74)
    (at 149.833001 143.748001)
    (descr "Capacitor SMD 0603 (1608 Metric), square (rectangular) end terminal, IPC_7351 nominal with elongated pad for handsoldering. (Body size source: http://www.tortai-tech.com/upload/download/2011102023233369053.pdf), generated with kicad-footprint-generator")
    (tags "capacitor handsolder")
    (path /5CDEC1E8)
    (attr smd)
    (fp_text reference C2 (at 0 -1.43) (layer F.SilkS)
      (effects (font (size 1 1) (thickness 0.15)))
    )
    (fp_text value 0.1uF (at 0 1.43) (layer F.Fab)
      (effects (font (size 1 1) (thickness 0.15)))
    )
    (fp_line (start -0.8 0.4) (end -0.8 -0.4) (layer F.Fab) (width 0.1))
    (fp_line (start -0.8 -0.4) (end 0.8 -0.4) (layer F.Fab) (width 0.1))
    (fp_line (start 0.8 -0.4) (end 0.8 0.4) (layer F.Fab) (width 0.1))
    (fp_line (start 0.8 0.4) (end -0.8 0.4) (layer F.Fab) (width 0.1))
    (fp_line (start -0.171267 -0.51) (end 0.171267 -0.51) (layer F.SilkS) (width 0.12))
    (fp_line (start -0.171267 0.51) (end 0.171267 0.51) (layer F.SilkS) (width 0.12))
    (fp_line (start -1.65 0.73) (end -1.65 -0.73) (layer F.CrtYd) (width 0.05))
    (fp_line (start -1.65 -0.73) (end 1.65 -0.73) (layer F.CrtYd) (width 0.05))
    (fp_line (start 1.65 -0.73) (end 1.65 0.73) (layer F.CrtYd) (width 0.05))
    (fp_line (start 1.65 0.73) (end -1.65 0.73) (layer F.CrtYd) (width 0.05))
    (fp_text user %R (at 0 0) (layer F.Fab)
      (effects (font (size 0.4 0.4) (thickness 0.06)))
    )
    (pad 1 smd roundrect (at -0.875 0) (size 1.05 0.95) (layers F.Cu F.Paste F.Mask) (roundrect_rratio 0.25)
      (net 6 DTR))
    (pad 2 smd roundrect (at 0.875 0) (size 1.05 0.95) (layers F.Cu F.Paste F.Mask) (roundrect_rratio 0.25)
      (net 7 "Net-(C2-Pad2)"))
    (model ${KISYS3DMOD}/Capacitor_SMD.3dshapes/C_0603_1608Metric.wrl
      (at (xyz 0 0 0))
      (scale (xyz 1 1 1))
      (rotate (xyz 0 0 0))
    )
  )

  (module Capacitor_Tantalum_SMD:CP_EIA-3216-18_Kemet-A_Pad1.58x1.35mm_HandSolder (layer F.Cu) (tedit 5B301BBE) (tstamp 5CA2BB87)
    (at 138.176 133.604)
    (descr "Tantalum Capacitor SMD Kemet-A (3216-18 Metric), IPC_7351 nominal, (Body size from: http://www.kemet.com/Lists/ProductCatalog/Attachments/253/KEM_TC101_STD.pdf), generated with kicad-footprint-generator")
    (tags "capacitor tantalum")
    (path /5CDC883D)
    (attr smd)
    (fp_text reference C3 (at 0 -1.75) (layer F.SilkS)
      (effects (font (size 1 1) (thickness 0.15)))
    )
    (fp_text value 10uF (at 0 1.75) (layer F.Fab)
      (effects (font (size 1 1) (thickness 0.15)))
    )
    (fp_text user %R (at 0 0) (layer F.Fab)
      (effects (font (size 0.8 0.8) (thickness 0.12)))
    )
    (fp_line (start 2.48 1.05) (end -2.48 1.05) (layer F.CrtYd) (width 0.05))
    (fp_line (start 2.48 -1.05) (end 2.48 1.05) (layer F.CrtYd) (width 0.05))
    (fp_line (start -2.48 -1.05) (end 2.48 -1.05) (layer F.CrtYd) (width 0.05))
    (fp_line (start -2.48 1.05) (end -2.48 -1.05) (layer F.CrtYd) (width 0.05))
    (fp_line (start -2.485 0.935) (end 1.6 0.935) (layer F.SilkS) (width 0.12))
    (fp_line (start -2.485 -0.935) (end -2.485 0.935) (layer F.SilkS) (width 0.12))
    (fp_line (start 1.6 -0.935) (end -2.485 -0.935) (layer F.SilkS) (width 0.12))
    (fp_line (start 1.6 0.8) (end 1.6 -0.8) (layer F.Fab) (width 0.1))
    (fp_line (start -1.6 0.8) (end 1.6 0.8) (layer F.Fab) (width 0.1))
    (fp_line (start -1.6 -0.4) (end -1.6 0.8) (layer F.Fab) (width 0.1))
    (fp_line (start -1.2 -0.8) (end -1.6 -0.4) (layer F.Fab) (width 0.1))
    (fp_line (start 1.6 -0.8) (end -1.2 -0.8) (layer F.Fab) (width 0.1))
    (pad 2 smd roundrect (at 1.4375 0) (size 1.575 1.35) (layers F.Cu F.Paste F.Mask) (roundrect_rratio 0.185185)
      (net 1 GND))
    (pad 1 smd roundrect (at -1.4375 0) (size 1.575 1.35) (layers F.Cu F.Paste F.Mask) (roundrect_rratio 0.185185)
      (net 8 +5V))
    (model ${KISYS3DMOD}/Capacitor_Tantalum_SMD.3dshapes/CP_EIA-3216-18_Kemet-A.wrl
      (at (xyz 0 0 0))
      (scale (xyz 1 1 1))
      (rotate (xyz 0 0 0))
    )
  )

  (module Capacitor_Tantalum_SMD:CP_EIA-3216-18_Kemet-A_Pad1.58x1.35mm_HandSolder (layer F.Cu) (tedit 5B301BBE) (tstamp 5CA2BB9A)
    (at 135.636 141.732 180)
    (descr "Tantalum Capacitor SMD Kemet-A (3216-18 Metric), IPC_7351 nominal, (Body size from: http://www.kemet.com/Lists/ProductCatalog/Attachments/253/KEM_TC101_STD.pdf), generated with kicad-footprint-generator")
    (tags "capacitor tantalum")
    (path /5CDDE810)
    (attr smd)
    (fp_text reference C4 (at 0 -1.75 180) (layer F.SilkS)
      (effects (font (size 1 1) (thickness 0.15)))
    )
    (fp_text value 10uF (at 0 1.75 180) (layer F.Fab)
      (effects (font (size 1 1) (thickness 0.15)))
    )
    (fp_text user %R (at 0 0 180) (layer F.Fab)
      (effects (font (size 0.8 0.8) (thickness 0.12)))
    )
    (fp_line (start 2.48 1.05) (end -2.48 1.05) (layer F.CrtYd) (width 0.05))
    (fp_line (start 2.48 -1.05) (end 2.48 1.05) (layer F.CrtYd) (width 0.05))
    (fp_line (start -2.48 -1.05) (end 2.48 -1.05) (layer F.CrtYd) (width 0.05))
    (fp_line (start -2.48 1.05) (end -2.48 -1.05) (layer F.CrtYd) (width 0.05))
    (fp_line (start -2.485 0.935) (end 1.6 0.935) (layer F.SilkS) (width 0.12))
    (fp_line (start -2.485 -0.935) (end -2.485 0.935) (layer F.SilkS) (width 0.12))
    (fp_line (start 1.6 -0.935) (end -2.485 -0.935) (layer F.SilkS) (width 0.12))
    (fp_line (start 1.6 0.8) (end 1.6 -0.8) (layer F.Fab) (width 0.1))
    (fp_line (start -1.6 0.8) (end 1.6 0.8) (layer F.Fab) (width 0.1))
    (fp_line (start -1.6 -0.4) (end -1.6 0.8) (layer F.Fab) (width 0.1))
    (fp_line (start -1.2 -0.8) (end -1.6 -0.4) (layer F.Fab) (width 0.1))
    (fp_line (start 1.6 -0.8) (end -1.2 -0.8) (layer F.Fab) (width 0.1))
    (pad 2 smd roundrect (at 1.4375 0 180) (size 1.575 1.35) (layers F.Cu F.Paste F.Mask) (roundrect_rratio 0.185185)
      (net 1 GND))
    (pad 1 smd roundrect (at -1.4375 0 180) (size 1.575 1.35) (layers F.Cu F.Paste F.Mask) (roundrect_rratio 0.185185)
      (net 3 +BATT))
    (model ${KISYS3DMOD}/Capacitor_Tantalum_SMD.3dshapes/CP_EIA-3216-18_Kemet-A.wrl
      (at (xyz 0 0 0))
      (scale (xyz 1 1 1))
      (rotate (xyz 0 0 0))
    )
  )

  (module Capacitor_SMD:C_0603_1608Metric_Pad1.05x0.95mm_HandSolder (layer F.Cu) (tedit 5B301BBE) (tstamp 5CA2BBAB)
    (at 150.333001 140.098001)
    (descr "Capacitor SMD 0603 (1608 Metric), square (rectangular) end terminal, IPC_7351 nominal with elongated pad for handsoldering. (Body size source: http://www.tortai-tech.com/upload/download/2011102023233369053.pdf), generated with kicad-footprint-generator")
    (tags "capacitor handsolder")
    (path /5C7EEDE3)
    (attr smd)
    (fp_text reference C5 (at 0 -1.43) (layer F.SilkS)
      (effects (font (size 1 1) (thickness 0.15)))
    )
    (fp_text value 0.1uF (at 0 1.43) (layer F.Fab)
      (effects (font (size 1 1) (thickness 0.15)))
    )
    (fp_text user %R (at 0 0) (layer F.Fab)
      (effects (font (size 0.4 0.4) (thickness 0.06)))
    )
    (fp_line (start 1.65 0.73) (end -1.65 0.73) (layer F.CrtYd) (width 0.05))
    (fp_line (start 1.65 -0.73) (end 1.65 0.73) (layer F.CrtYd) (width 0.05))
    (fp_line (start -1.65 -0.73) (end 1.65 -0.73) (layer F.CrtYd) (width 0.05))
    (fp_line (start -1.65 0.73) (end -1.65 -0.73) (layer F.CrtYd) (width 0.05))
    (fp_line (start -0.171267 0.51) (end 0.171267 0.51) (layer F.SilkS) (width 0.12))
    (fp_line (start -0.171267 -0.51) (end 0.171267 -0.51) (layer F.SilkS) (width 0.12))
    (fp_line (start 0.8 0.4) (end -0.8 0.4) (layer F.Fab) (width 0.1))
    (fp_line (start 0.8 -0.4) (end 0.8 0.4) (layer F.Fab) (width 0.1))
    (fp_line (start -0.8 -0.4) (end 0.8 -0.4) (layer F.Fab) (width 0.1))
    (fp_line (start -0.8 0.4) (end -0.8 -0.4) (layer F.Fab) (width 0.1))
    (pad 2 smd roundrect (at 0.875 0) (size 1.05 0.95) (layers F.Cu F.Paste F.Mask) (roundrect_rratio 0.25)
      (net 1 GND))
    (pad 1 smd roundrect (at -0.875 0) (size 1.05 0.95) (layers F.Cu F.Paste F.Mask) (roundrect_rratio 0.25)
      (net 8 +5V))
    (model ${KISYS3DMOD}/Capacitor_SMD.3dshapes/C_0603_1608Metric.wrl
      (at (xyz 0 0 0))
      (scale (xyz 1 1 1))
      (rotate (xyz 0 0 0))
    )
  )

  (module Capacitor_Tantalum_SMD:CP_EIA-3216-18_Kemet-A_Pad1.58x1.35mm_HandSolder (layer F.Cu) (tedit 5B301BBE) (tstamp 5CA2BBBE)
    (at 135.883001 141.018001)
    (descr "Tantalum Capacitor SMD Kemet-A (3216-18 Metric), IPC_7351 nominal, (Body size from: http://www.kemet.com/Lists/ProductCatalog/Attachments/253/KEM_TC101_STD.pdf), generated with kicad-footprint-generator")
    (tags "capacitor tantalum")
    (path /5CDD58DE)
    (attr smd)
    (fp_text reference C6 (at 0 -1.75) (layer F.SilkS)
      (effects (font (size 1 1) (thickness 0.15)))
    )
    (fp_text value 10uF (at 0 1.75) (layer F.Fab)
      (effects (font (size 1 1) (thickness 0.15)))
    )
    (fp_line (start 1.6 -0.8) (end -1.2 -0.8) (layer F.Fab) (width 0.1))
    (fp_line (start -1.2 -0.8) (end -1.6 -0.4) (layer F.Fab) (width 0.1))
    (fp_line (start -1.6 -0.4) (end -1.6 0.8) (layer F.Fab) (width 0.1))
    (fp_line (start -1.6 0.8) (end 1.6 0.8) (layer F.Fab) (width 0.1))
    (fp_line (start 1.6 0.8) (end 1.6 -0.8) (layer F.Fab) (width 0.1))
    (fp_line (start 1.6 -0.935) (end -2.485 -0.935) (layer F.SilkS) (width 0.12))
    (fp_line (start -2.485 -0.935) (end -2.485 0.935) (layer F.SilkS) (width 0.12))
    (fp_line (start -2.485 0.935) (end 1.6 0.935) (layer F.SilkS) (width 0.12))
    (fp_line (start -2.48 1.05) (end -2.48 -1.05) (layer F.CrtYd) (width 0.05))
    (fp_line (start -2.48 -1.05) (end 2.48 -1.05) (layer F.CrtYd) (width 0.05))
    (fp_line (start 2.48 -1.05) (end 2.48 1.05) (layer F.CrtYd) (width 0.05))
    (fp_line (start 2.48 1.05) (end -2.48 1.05) (layer F.CrtYd) (width 0.05))
    (fp_text user %R (at 0 0) (layer F.Fab)
      (effects (font (size 0.8 0.8) (thickness 0.12)))
    )
    (pad 1 smd roundrect (at -1.4375 0) (size 1.575 1.35) (layers F.Cu F.Paste F.Mask) (roundrect_rratio 0.185185)
      (net 5 +3V3))
    (pad 2 smd roundrect (at 1.4375 0) (size 1.575 1.35) (layers F.Cu F.Paste F.Mask) (roundrect_rratio 0.185185)
      (net 1 GND))
    (model ${KISYS3DMOD}/Capacitor_Tantalum_SMD.3dshapes/CP_EIA-3216-18_Kemet-A.wrl
      (at (xyz 0 0 0))
      (scale (xyz 1 1 1))
      (rotate (xyz 0 0 0))
    )
  )

  (module Capacitor_Tantalum_SMD:CP_EIA-3216-18_Kemet-A_Pad1.58x1.35mm_HandSolder (layer F.Cu) (tedit 5B301BBE) (tstamp 5CA2BBD1)
    (at 131.826 136.398 180)
    (descr "Tantalum Capacitor SMD Kemet-A (3216-18 Metric), IPC_7351 nominal, (Body size from: http://www.kemet.com/Lists/ProductCatalog/Attachments/253/KEM_TC101_STD.pdf), generated with kicad-footprint-generator")
    (tags "capacitor tantalum")
    (path /5CDDE87C)
    (attr smd)
    (fp_text reference C7 (at 0 -1.75 180) (layer F.SilkS)
      (effects (font (size 1 1) (thickness 0.15)))
    )
    (fp_text value 10uF (at 0 1.75 180) (layer F.Fab)
      (effects (font (size 1 1) (thickness 0.15)))
    )
    (fp_line (start 1.6 -0.8) (end -1.2 -0.8) (layer F.Fab) (width 0.1))
    (fp_line (start -1.2 -0.8) (end -1.6 -0.4) (layer F.Fab) (width 0.1))
    (fp_line (start -1.6 -0.4) (end -1.6 0.8) (layer F.Fab) (width 0.1))
    (fp_line (start -1.6 0.8) (end 1.6 0.8) (layer F.Fab) (width 0.1))
    (fp_line (start 1.6 0.8) (end 1.6 -0.8) (layer F.Fab) (width 0.1))
    (fp_line (start 1.6 -0.935) (end -2.485 -0.935) (layer F.SilkS) (width 0.12))
    (fp_line (start -2.485 -0.935) (end -2.485 0.935) (layer F.SilkS) (width 0.12))
    (fp_line (start -2.485 0.935) (end 1.6 0.935) (layer F.SilkS) (width 0.12))
    (fp_line (start -2.48 1.05) (end -2.48 -1.05) (layer F.CrtYd) (width 0.05))
    (fp_line (start -2.48 -1.05) (end 2.48 -1.05) (layer F.CrtYd) (width 0.05))
    (fp_line (start 2.48 -1.05) (end 2.48 1.05) (layer F.CrtYd) (width 0.05))
    (fp_line (start 2.48 1.05) (end -2.48 1.05) (layer F.CrtYd) (width 0.05))
    (fp_text user %R (at 0 0 180) (layer F.Fab)
      (effects (font (size 0.8 0.8) (thickness 0.12)))
    )
    (pad 1 smd roundrect (at -1.4375 0 180) (size 1.575 1.35) (layers F.Cu F.Paste F.Mask) (roundrect_rratio 0.185185)
      (net 8 +5V))
    (pad 2 smd roundrect (at 1.4375 0 180) (size 1.575 1.35) (layers F.Cu F.Paste F.Mask) (roundrect_rratio 0.185185)
      (net 1 GND))
    (model ${KISYS3DMOD}/Capacitor_Tantalum_SMD.3dshapes/CP_EIA-3216-18_Kemet-A.wrl
      (at (xyz 0 0 0))
      (scale (xyz 1 1 1))
      (rotate (xyz 0 0 0))
    )
  )

  (module Capacitor_SMD:C_0603_1608Metric_Pad1.05x0.95mm_HandSolder (layer F.Cu) (tedit 5B301BBE) (tstamp 5CA2BBE2)
    (at 159.163001 134.768001)
    (descr "Capacitor SMD 0603 (1608 Metric), square (rectangular) end terminal, IPC_7351 nominal with elongated pad for handsoldering. (Body size source: http://www.tortai-tech.com/upload/download/2011102023233369053.pdf), generated with kicad-footprint-generator")
    (tags "capacitor handsolder")
    (path /5CDE7452)
    (attr smd)
    (fp_text reference C8 (at 0 -1.43) (layer F.SilkS)
      (effects (font (size 1 1) (thickness 0.15)))
    )
    (fp_text value 0.1uF (at 0 1.43) (layer F.Fab)
      (effects (font (size 1 1) (thickness 0.15)))
    )
    (fp_line (start -0.8 0.4) (end -0.8 -0.4) (layer F.Fab) (width 0.1))
    (fp_line (start -0.8 -0.4) (end 0.8 -0.4) (layer F.Fab) (width 0.1))
    (fp_line (start 0.8 -0.4) (end 0.8 0.4) (layer F.Fab) (width 0.1))
    (fp_line (start 0.8 0.4) (end -0.8 0.4) (layer F.Fab) (width 0.1))
    (fp_line (start -0.171267 -0.51) (end 0.171267 -0.51) (layer F.SilkS) (width 0.12))
    (fp_line (start -0.171267 0.51) (end 0.171267 0.51) (layer F.SilkS) (width 0.12))
    (fp_line (start -1.65 0.73) (end -1.65 -0.73) (layer F.CrtYd) (width 0.05))
    (fp_line (start -1.65 -0.73) (end 1.65 -0.73) (layer F.CrtYd) (width 0.05))
    (fp_line (start 1.65 -0.73) (end 1.65 0.73) (layer F.CrtYd) (width 0.05))
    (fp_line (start 1.65 0.73) (end -1.65 0.73) (layer F.CrtYd) (width 0.05))
    (fp_text user %R (at 0 0) (layer F.Fab)
      (effects (font (size 0.4 0.4) (thickness 0.06)))
    )
    (pad 1 smd roundrect (at -0.875 0) (size 1.05 0.95) (layers F.Cu F.Paste F.Mask) (roundrect_rratio 0.25)
      (net 8 +5V))
    (pad 2 smd roundrect (at 0.875 0) (size 1.05 0.95) (layers F.Cu F.Paste F.Mask) (roundrect_rratio 0.25)
      (net 1 GND))
    (model ${KISYS3DMOD}/Capacitor_SMD.3dshapes/C_0603_1608Metric.wrl
      (at (xyz 0 0 0))
      (scale (xyz 1 1 1))
      (rotate (xyz 0 0 0))
    )
  )

  (module Capacitor_SMD:C_0603_1608Metric_Pad1.05x0.95mm_HandSolder (layer B.Cu) (tedit 5B301BBE) (tstamp 5CA2E067)
    (at 134.493 68.06692)
    (descr "Capacitor SMD 0603 (1608 Metric), square (rectangular) end terminal, IPC_7351 nominal with elongated pad for handsoldering. (Body size source: http://www.tortai-tech.com/upload/download/2011102023233369053.pdf), generated with kicad-footprint-generator")
    (tags "capacitor handsolder")
    (path /5CCF6A6A/5CCFD4BA)
    (attr smd)
    (fp_text reference C9 (at 0 1.43) (layer B.SilkS)
      (effects (font (size 1 1) (thickness 0.15)) (justify mirror))
    )
    (fp_text value 0.1uF (at 0 -1.43) (layer B.Fab)
      (effects (font (size 1 1) (thickness 0.15)) (justify mirror))
    )
    (fp_text user %R (at 0 0) (layer B.Fab)
      (effects (font (size 0.4 0.4) (thickness 0.06)) (justify mirror))
    )
    (fp_line (start 1.65 -0.73) (end -1.65 -0.73) (layer B.CrtYd) (width 0.05))
    (fp_line (start 1.65 0.73) (end 1.65 -0.73) (layer B.CrtYd) (width 0.05))
    (fp_line (start -1.65 0.73) (end 1.65 0.73) (layer B.CrtYd) (width 0.05))
    (fp_line (start -1.65 -0.73) (end -1.65 0.73) (layer B.CrtYd) (width 0.05))
    (fp_line (start -0.171267 -0.51) (end 0.171267 -0.51) (layer B.SilkS) (width 0.12))
    (fp_line (start -0.171267 0.51) (end 0.171267 0.51) (layer B.SilkS) (width 0.12))
    (fp_line (start 0.8 -0.4) (end -0.8 -0.4) (layer B.Fab) (width 0.1))
    (fp_line (start 0.8 0.4) (end 0.8 -0.4) (layer B.Fab) (width 0.1))
    (fp_line (start -0.8 0.4) (end 0.8 0.4) (layer B.Fab) (width 0.1))
    (fp_line (start -0.8 -0.4) (end -0.8 0.4) (layer B.Fab) (width 0.1))
    (pad 2 smd roundrect (at 0.875 0) (size 1.05 0.95) (layers B.Cu B.Paste B.Mask) (roundrect_rratio 0.25)
      (net 1 GND))
    (pad 1 smd roundrect (at -0.875 0) (size 1.05 0.95) (layers B.Cu B.Paste B.Mask) (roundrect_rratio 0.25)
      (net 9 "Net-(C9-Pad1)"))
    (model ${KISYS3DMOD}/Capacitor_SMD.3dshapes/C_0603_1608Metric.wrl
      (at (xyz 0 0 0))
      (scale (xyz 1 1 1))
      (rotate (xyz 0 0 0))
    )
  )

  (module Capacitor_SMD:C_0603_1608Metric_Pad1.05x0.95mm_HandSolder (layer B.Cu) (tedit 5B301BBE) (tstamp 5CA2BC04)
    (at 169.092001 82.049657)
    (descr "Capacitor SMD 0603 (1608 Metric), square (rectangular) end terminal, IPC_7351 nominal with elongated pad for handsoldering. (Body size source: http://www.tortai-tech.com/upload/download/2011102023233369053.pdf), generated with kicad-footprint-generator")
    (tags "capacitor handsolder")
    (path /5CD0AE36/5CCFD4BA)
    (attr smd)
    (fp_text reference C10 (at 0 1.43) (layer B.SilkS)
      (effects (font (size 1 1) (thickness 0.15)) (justify mirror))
    )
    (fp_text value 0.1uF (at 0 -1.43) (layer B.Fab)
      (effects (font (size 1 1) (thickness 0.15)) (justify mirror))
    )
    (fp_text user %R (at 0 0) (layer B.Fab)
      (effects (font (size 0.4 0.4) (thickness 0.06)) (justify mirror))
    )
    (fp_line (start 1.65 -0.73) (end -1.65 -0.73) (layer B.CrtYd) (width 0.05))
    (fp_line (start 1.65 0.73) (end 1.65 -0.73) (layer B.CrtYd) (width 0.05))
    (fp_line (start -1.65 0.73) (end 1.65 0.73) (layer B.CrtYd) (width 0.05))
    (fp_line (start -1.65 -0.73) (end -1.65 0.73) (layer B.CrtYd) (width 0.05))
    (fp_line (start -0.171267 -0.51) (end 0.171267 -0.51) (layer B.SilkS) (width 0.12))
    (fp_line (start -0.171267 0.51) (end 0.171267 0.51) (layer B.SilkS) (width 0.12))
    (fp_line (start 0.8 -0.4) (end -0.8 -0.4) (layer B.Fab) (width 0.1))
    (fp_line (start 0.8 0.4) (end 0.8 -0.4) (layer B.Fab) (width 0.1))
    (fp_line (start -0.8 0.4) (end 0.8 0.4) (layer B.Fab) (width 0.1))
    (fp_line (start -0.8 -0.4) (end -0.8 0.4) (layer B.Fab) (width 0.1))
    (pad 2 smd roundrect (at 0.875 0) (size 1.05 0.95) (layers B.Cu B.Paste B.Mask) (roundrect_rratio 0.25)
      (net 1 GND))
    (pad 1 smd roundrect (at -0.875 0) (size 1.05 0.95) (layers B.Cu B.Paste B.Mask) (roundrect_rratio 0.25)
      (net 10 "Net-(C10-Pad1)"))
    (model ${KISYS3DMOD}/Capacitor_SMD.3dshapes/C_0603_1608Metric.wrl
      (at (xyz 0 0 0))
      (scale (xyz 1 1 1))
      (rotate (xyz 0 0 0))
    )
  )

  (module Capacitor_SMD:C_0603_1608Metric_Pad1.05x0.95mm_HandSolder (layer B.Cu) (tedit 5B301BBE) (tstamp 5CA2BC15)
    (at 121.975001 138.484819)
    (descr "Capacitor SMD 0603 (1608 Metric), square (rectangular) end terminal, IPC_7351 nominal with elongated pad for handsoldering. (Body size source: http://www.tortai-tech.com/upload/download/2011102023233369053.pdf), generated with kicad-footprint-generator")
    (tags "capacitor handsolder")
    (path /5CD1030A/5CCFD4BA)
    (attr smd)
    (fp_text reference C11 (at 0 1.43) (layer B.SilkS)
      (effects (font (size 1 1) (thickness 0.15)) (justify mirror))
    )
    (fp_text value 0.1uF (at 0 -1.43) (layer B.Fab)
      (effects (font (size 1 1) (thickness 0.15)) (justify mirror))
    )
    (fp_line (start -0.8 -0.4) (end -0.8 0.4) (layer B.Fab) (width 0.1))
    (fp_line (start -0.8 0.4) (end 0.8 0.4) (layer B.Fab) (width 0.1))
    (fp_line (start 0.8 0.4) (end 0.8 -0.4) (layer B.Fab) (width 0.1))
    (fp_line (start 0.8 -0.4) (end -0.8 -0.4) (layer B.Fab) (width 0.1))
    (fp_line (start -0.171267 0.51) (end 0.171267 0.51) (layer B.SilkS) (width 0.12))
    (fp_line (start -0.171267 -0.51) (end 0.171267 -0.51) (layer B.SilkS) (width 0.12))
    (fp_line (start -1.65 -0.73) (end -1.65 0.73) (layer B.CrtYd) (width 0.05))
    (fp_line (start -1.65 0.73) (end 1.65 0.73) (layer B.CrtYd) (width 0.05))
    (fp_line (start 1.65 0.73) (end 1.65 -0.73) (layer B.CrtYd) (width 0.05))
    (fp_line (start 1.65 -0.73) (end -1.65 -0.73) (layer B.CrtYd) (width 0.05))
    (fp_text user %R (at 0 0) (layer B.Fab)
      (effects (font (size 0.4 0.4) (thickness 0.06)) (justify mirror))
    )
    (pad 1 smd roundrect (at -0.875 0) (size 1.05 0.95) (layers B.Cu B.Paste B.Mask) (roundrect_rratio 0.25)
      (net 11 "Net-(C11-Pad1)"))
    (pad 2 smd roundrect (at 0.875 0) (size 1.05 0.95) (layers B.Cu B.Paste B.Mask) (roundrect_rratio 0.25)
      (net 1 GND))
    (model ${KISYS3DMOD}/Capacitor_SMD.3dshapes/C_0603_1608Metric.wrl
      (at (xyz 0 0 0))
      (scale (xyz 1 1 1))
      (rotate (xyz 0 0 0))
    )
  )

  (module Capacitor_SMD:C_0603_1608Metric_Pad1.05x0.95mm_HandSolder (layer B.Cu) (tedit 5B301BBE) (tstamp 5CA2BC26)
    (at 160.281999 140.517001 90)
    (descr "Capacitor SMD 0603 (1608 Metric), square (rectangular) end terminal, IPC_7351 nominal with elongated pad for handsoldering. (Body size source: http://www.tortai-tech.com/upload/download/2011102023233369053.pdf), generated with kicad-footprint-generator")
    (tags "capacitor handsolder")
    (path /5CD15399/5CCFD4BA)
    (attr smd)
    (fp_text reference C12 (at 0 1.43 90) (layer B.SilkS)
      (effects (font (size 1 1) (thickness 0.15)) (justify mirror))
    )
    (fp_text value 0.1uF (at 0 -1.43 90) (layer B.Fab)
      (effects (font (size 1 1) (thickness 0.15)) (justify mirror))
    )
    (fp_line (start -0.8 -0.4) (end -0.8 0.4) (layer B.Fab) (width 0.1))
    (fp_line (start -0.8 0.4) (end 0.8 0.4) (layer B.Fab) (width 0.1))
    (fp_line (start 0.8 0.4) (end 0.8 -0.4) (layer B.Fab) (width 0.1))
    (fp_line (start 0.8 -0.4) (end -0.8 -0.4) (layer B.Fab) (width 0.1))
    (fp_line (start -0.171267 0.51) (end 0.171267 0.51) (layer B.SilkS) (width 0.12))
    (fp_line (start -0.171267 -0.51) (end 0.171267 -0.51) (layer B.SilkS) (width 0.12))
    (fp_line (start -1.65 -0.73) (end -1.65 0.73) (layer B.CrtYd) (width 0.05))
    (fp_line (start -1.65 0.73) (end 1.65 0.73) (layer B.CrtYd) (width 0.05))
    (fp_line (start 1.65 0.73) (end 1.65 -0.73) (layer B.CrtYd) (width 0.05))
    (fp_line (start 1.65 -0.73) (end -1.65 -0.73) (layer B.CrtYd) (width 0.05))
    (fp_text user %R (at 0 0 90) (layer B.Fab)
      (effects (font (size 0.4 0.4) (thickness 0.06)) (justify mirror))
    )
    (pad 1 smd roundrect (at -0.875 0 90) (size 1.05 0.95) (layers B.Cu B.Paste B.Mask) (roundrect_rratio 0.25)
      (net 12 "Net-(C12-Pad1)"))
    (pad 2 smd roundrect (at 0.875 0 90) (size 1.05 0.95) (layers B.Cu B.Paste B.Mask) (roundrect_rratio 0.25)
      (net 1 GND))
    (model ${KISYS3DMOD}/Capacitor_SMD.3dshapes/C_0603_1608Metric.wrl
      (at (xyz 0 0 0))
      (scale (xyz 1 1 1))
      (rotate (xyz 0 0 0))
    )
  )

  (module Capacitor_SMD:C_0603_1608Metric_Pad1.05x0.95mm_HandSolder (layer F.Cu) (tedit 5B301BBE) (tstamp 5CA2BC37)
    (at 159.063001 136.278001)
    (descr "Capacitor SMD 0603 (1608 Metric), square (rectangular) end terminal, IPC_7351 nominal with elongated pad for handsoldering. (Body size source: http://www.tortai-tech.com/upload/download/2011102023233369053.pdf), generated with kicad-footprint-generator")
    (tags "capacitor handsolder")
    (path /5C8AFD46)
    (attr smd)
    (fp_text reference C13 (at 0 -1.43) (layer F.SilkS)
      (effects (font (size 1 1) (thickness 0.15)))
    )
    (fp_text value 0.1uF (at 0 1.43) (layer F.Fab)
      (effects (font (size 1 1) (thickness 0.15)))
    )
    (fp_line (start -0.8 0.4) (end -0.8 -0.4) (layer F.Fab) (width 0.1))
    (fp_line (start -0.8 -0.4) (end 0.8 -0.4) (layer F.Fab) (width 0.1))
    (fp_line (start 0.8 -0.4) (end 0.8 0.4) (layer F.Fab) (width 0.1))
    (fp_line (start 0.8 0.4) (end -0.8 0.4) (layer F.Fab) (width 0.1))
    (fp_line (start -0.171267 -0.51) (end 0.171267 -0.51) (layer F.SilkS) (width 0.12))
    (fp_line (start -0.171267 0.51) (end 0.171267 0.51) (layer F.SilkS) (width 0.12))
    (fp_line (start -1.65 0.73) (end -1.65 -0.73) (layer F.CrtYd) (width 0.05))
    (fp_line (start -1.65 -0.73) (end 1.65 -0.73) (layer F.CrtYd) (width 0.05))
    (fp_line (start 1.65 -0.73) (end 1.65 0.73) (layer F.CrtYd) (width 0.05))
    (fp_line (start 1.65 0.73) (end -1.65 0.73) (layer F.CrtYd) (width 0.05))
    (fp_text user %R (at 0 0) (layer F.Fab)
      (effects (font (size 0.4 0.4) (thickness 0.06)))
    )
    (pad 1 smd roundrect (at -0.875 0) (size 1.05 0.95) (layers F.Cu F.Paste F.Mask) (roundrect_rratio 0.25)
      (net 13 Z-ACCEL))
    (pad 2 smd roundrect (at 0.875 0) (size 1.05 0.95) (layers F.Cu F.Paste F.Mask) (roundrect_rratio 0.25)
      (net 1 GND))
    (model ${KISYS3DMOD}/Capacitor_SMD.3dshapes/C_0603_1608Metric.wrl
      (at (xyz 0 0 0))
      (scale (xyz 1 1 1))
      (rotate (xyz 0 0 0))
    )
  )

  (module LED_SMD:LED_Kingbright_APFA3010_3x1.5mm_Horizontal (layer B.Cu) (tedit 5BE52AB7) (tstamp 5CA2BC53)
    (at 127.762 70.35292 270)
    (descr "LED RGB, APFA3010, http://www.kingbrightusa.com/images/catalog/SPEC/APFA3010LSEEZGKQBKC.pdf")
    (tags "LED RGB APFA3010 KINGBRIGHT 3x1.5mm")
    (path /5CCF6A6A/5C880ED8)
    (attr smd)
    (fp_text reference D1 (at 0 -1.8 270) (layer B.SilkS)
      (effects (font (size 1 1) (thickness 0.15)) (justify mirror))
    )
    (fp_text value LED_ARGB (at 0 -3 270) (layer B.Fab)
      (effects (font (size 0.5 0.5) (thickness 0.075)) (justify mirror))
    )
    (fp_arc (start 0 0.25) (end -1.17 0.7) (angle -137.9249779) (layer B.CrtYd) (width 0.05))
    (fp_line (start -2.25 0.7) (end -1.17 0.7) (layer B.CrtYd) (width 0.05))
    (fp_line (start -2.25 -0.7) (end -2.25 0.7) (layer B.CrtYd) (width 0.05))
    (fp_line (start 2.25 0.7) (end 1.17 0.7) (layer B.CrtYd) (width 0.05))
    (fp_line (start 2.25 -0.7) (end 2.25 0.7) (layer B.CrtYd) (width 0.05))
    (fp_line (start 0.85 -0.7) (end 2.25 -0.7) (layer B.CrtYd) (width 0.05))
